               -160.7978027483
         -0.027408022      -0.005382094      -0.000000652
         -0.005382094      -0.015133847       0.000000197
         -0.000000652       0.000000197       0.000057452
          25
  1     6      -0.372391639      -7.694020653       0.000579942  C
  1     6      18.098661319       6.268137364      -0.000251158  C
  1     6      -3.181790675       0.314900682      -0.000746847  C
  1     6      22.977379966       0.558297950       0.001730213  C
  1     6       1.128755917       0.334497014      -0.001127755  C
  1     6      -4.850899224      -7.031281555       0.000368907  C
  1     6    -223.999010011     -90.754588350       0.001008965  C
  1     6      -0.675064464       0.737193725      -0.000853313  C
  1     6       5.479665977       7.517340958      -0.000220131  C
  1     6      -4.081422510      -8.817346326       0.000148281  C
  1     6       5.429364099      -6.730774206      -0.000377163  C
  1     6      -6.491387259      -7.688636881      -0.000291701  C
  1     6      -5.934845079      -8.666633715       0.000261581  C
  1     6       3.547450078       9.055849687      -0.000107826  C
  1     6       3.916250798       8.265478025       0.000266539  C
  1     6      -4.418533875       8.327789179      -0.000034180  C
  1     6       5.923307163       8.275284106      -0.000254337  C
  1     6      -4.380414337      -9.537900796       0.000136460  C
  1     6     -17.070915723       6.296772010       0.000030937  C
  1     6       4.322325795       0.128870141      -0.000919391  C
  1     6     -23.214290180       0.537486039       0.001604928  C
  1     6      -5.078355908      -0.535241466      -0.000716955  C
  1     6       9.530404263      -0.314519860      -0.000050685  C
  1     6     223.552777037      91.350737504       0.003142692  C
  1     6      -0.050193370      -0.233468801      -0.000447600  C
