               -144.8269528837
         -0.077186287       0.009164104      -0.000000265
          0.009164117      -0.058308515       0.000000080
         -0.000000266       0.000000080       0.000119038
          41
  1     6       1.977748619       9.762732753       0.000814799  C
  1     6      17.939730811       6.921467482      -0.000142856  C
  1     6     -16.650648715     -10.273078763       0.001220049  C
  1     6      17.782583871       8.780337576      -0.000250885  C
  1     6      -2.776807117       0.012156976      -0.000861554  C
  1     6      13.123747503       0.067642542      -0.000576029  C
  1     6      -0.377549178      -7.731210177       0.000256943  C
  1     6      14.372370459       0.296636985       0.000279779  C
  1     6       8.947596273      -1.529212983      -0.000968478  C
  1     6      -8.956090596      -1.566704701      -0.000018394  C
  1     6      10.880362053       0.136448086      -0.000490746  C
  1     6      12.343582846       0.063244432      -0.000480222  C
  1     6      17.912064167      -6.898182253       0.000672208  C
  1     6      -0.344233996       8.091308285       0.000096231  C
  1     6       0.009683179       7.670453435      -0.000170461  C
  1     6      14.495622345      -0.439260096      -0.000312496  C
  1     6       8.927969034      -1.574821446      -0.000740323  C
  1     6      -8.984443408      -1.424410550      -0.000231801  C
  1     6     -14.467827015       0.128445026       0.000075638  C
  1     6       0.222917966      -7.899867168       0.000133871  C
  1     6     -17.752293052       7.653003859       0.000620060  C
  1     6     450.883940768    -261.500831266      -0.004284575  C
  1     6     -18.030719018       6.605592106       0.000605724  C
  1     6      -1.982893563       9.894104416      -0.000617949  C
  1     6      -9.837975738      -0.854475593      -0.000404324  C
  1     6     -12.251811259       0.068266645      -0.000340430  C
  1     6     -13.224849691      -0.062368484      -0.000547500  C
  1     6       2.756212251       0.003783483      -0.000579008  C
  1     6     -10.533057049       2.269450594      -0.000328871  C
  1     6      18.127740297      13.922288797      -0.000946696  C
  1     6       0.302674978       7.974990653      -0.000209014  C
  1     6     -17.886983316      -6.833053922      -0.000002002  C
  1     6       2.117664174      -9.831839247      -0.000819833  C
  1     6      18.103313681      -6.899558011       0.000301240  C
  1     6       8.907468737       1.353377877      -0.000382777  C
  1     6      -8.876480697       1.445269075      -0.001120913  C
  1     6     -14.569445056      -0.274179173      -0.000052647  C
  1     6       0.153863614       6.331726048       0.000074560  C
  1     6     -17.993845361      -6.839879064      -0.000221953  C
  1     6      -2.014052312      -9.679914599       0.000100539  C
  2    27    -442.701061091     242.593177744      -0.014305201  Co
