     1  1  0.02469136      33
     2  1  0.02469136      33
     3  1  0.02469136      33
     4  1  0.02469136      32
     5  1  0.01234568      32
     6  1  0.02469136      33
     7  1  0.02469136      33
     8  1  0.02469136      33
     9  1  0.02469136      33
    10  1  0.02469136      32
    11  1  0.02469136      32
    12  1  0.02469136      32
    13  1  0.02469136      33
    14  1  0.02469136      33
    15  1  0.02469136      33
    16  1  0.02469136      34
    17  1  0.02469136      33
    18  1  0.02469136      33
    19  1  0.02469136      33
    20  1  0.02469136      32
    21  1  0.02469136      33
    22  1  0.02469136      33
    23  1  0.02469136      33
    24  1  0.02469136      34
    25  1  0.02469136      35
    26  1  0.02469136      34
    27  1  0.02469136      33
    28  1  0.02469136      33
    29  1  0.02469136      33
    30  1  0.02469136      33
    31  1  0.02469136      33
    32  1  0.02469136      33
    33  1  0.02469136      33
    34  1  0.02469136      34
    35  1  0.02469136      33
    36  1  0.02469136      33
    37  1  0.02469136      33
    38  1  0.02469136      33
    39  1  0.02469136      33
    40  1  0.02469136      33
    41  1  0.02469136      33
