    45
     1   -0.141011   -0.244190    0.000000       0.012346
     2   -0.105758   -0.183143    0.000000       0.012346
     3   -0.070506   -0.122095    0.000000       0.012346
     4   -0.035253   -0.061048    0.000000       0.012346
     5    0.000000    0.000000    0.000000       0.012346
     6    0.035253    0.061048    0.000000       0.012346
     7    0.070506    0.122095    0.000000       0.012346
     8    0.105758    0.183143    0.000000       0.012346
     9    0.141011    0.244190    0.000000       0.012346
    10   -0.105758   -0.305238    0.000000       0.024691
    11   -0.070506   -0.244190    0.000000       0.024691
    12   -0.035253   -0.183143    0.000000       0.024691
    13    0.000000   -0.122095    0.000000       0.024691
    14    0.035253   -0.061048    0.000000       0.024691
    15    0.070506    0.000000    0.000000       0.024691
    16    0.105758    0.061048    0.000000       0.024691
    17    0.141011    0.122095    0.000000       0.024691
    18    0.176264    0.183143    0.000000       0.024691
    19   -0.070506   -0.366285    0.000000       0.024691
    20   -0.035253   -0.305238    0.000000       0.024691
    21    0.000000   -0.244190    0.000000       0.024691
    22    0.035253   -0.183143    0.000000       0.024691
    23    0.070506   -0.122095    0.000000       0.024691
    24    0.105758   -0.061048    0.000000       0.024691
    25    0.141011    0.000000    0.000000       0.024691
    26    0.176264    0.061048    0.000000       0.024691
    27    0.211517    0.122095    0.000000       0.024691
    28   -0.035253   -0.427333    0.000000       0.024691
    29    0.000000   -0.366285    0.000000       0.024691
    30    0.035253   -0.305238    0.000000       0.024691
    31    0.070506   -0.244190    0.000000       0.024691
    32    0.105758   -0.183143    0.000000       0.024691
    33    0.141011   -0.122095    0.000000       0.024691
    34    0.176264   -0.061048    0.000000       0.024691
    35    0.211517    0.000000    0.000000       0.024691
    36    0.246770    0.061048    0.000000       0.024691
    37    0.000000   -0.488380    0.000000       0.024691
    38    0.035253   -0.427333    0.000000       0.024691
    39    0.070506   -0.366285    0.000000       0.024691
    40    0.105758   -0.305238    0.000000       0.024691
    41    0.141011   -0.244190    0.000000       0.024691
    42    0.176264   -0.183143    0.000000       0.024691
    43    0.211517   -0.122095    0.000000       0.024691
    44    0.246770   -0.061048    0.000000       0.024691
    45    0.282022    0.000000    0.000000       0.024691
