     1  1  0.02469136      10
     2  1  0.02469136      10
     3  1  0.02469136      10
     4  1  0.02469136      10
     5  1  0.01234568      10
     6  1  0.02469136      10
     7  1  0.02469136      10
     8  1  0.02469136      10
     9  1  0.02469136      10
    10  1  0.02469136      10
    11  1  0.02469136      10
    12  1  0.02469136      10
    13  1  0.02469136      10
    14  1  0.02469136      10
    15  1  0.02469136       9
    16  1  0.02469136       9
    17  1  0.02469136       9
    18  1  0.02469136       9
    19  1  0.02469136      10
    20  1  0.02469136      10
    21  1  0.02469136      10
    22  1  0.02469136      10
    23  1  0.02469136       9
    24  1  0.02469136       9
    25  1  0.02469136       9
    26  1  0.02469136       9
    27  1  0.02469136       9
    28  1  0.02469136       9
    29  1  0.02469136       9
    30  1  0.02469136       9
    31  1  0.02469136       9
    32  1  0.02469136       9
    33  1  0.02469136       9
    34  1  0.02469136       9
    35  1  0.02469136       9
    36  1  0.02469136       9
    37  1  0.02469136       9
    38  1  0.02469136       9
    39  1  0.02469136       9
    40  1  0.02469136       9
    41  1  0.02469136       9
