                -56.1753801818
         -0.001322308      -0.000124759       0.000000000
         -0.000124753      -0.000995544       0.000000001
          0.000000000       0.000000001       0.003234820
           5
  1     6       0.008807497       0.018601075      -0.000000534  C
  1     6       0.000976311      -0.008084418      -0.000001073  C
  1     6      -0.046263133       0.004892253      -0.000000506  C
  1     6      -0.009277802       0.065793709       0.000000871  C
  1     6       0.046936130      -0.081340447      -0.000000297  C
