     1  1  0.00888889      12
     2  1  0.00888889      12
     3  1  0.00888889      12
     4  1  0.00888889      12
     5  1  0.00888889      12
     6  1  0.00888889      11
     7  1  0.00888889      11
     8  1  0.00444444      10
     9  1  0.00888889      12
    10  1  0.00888889      12
    11  1  0.00888889      12
    12  1  0.00888889      12
    13  1  0.00888889      12
    14  1  0.00888889      12
    15  1  0.00888889      12
    16  1  0.00888889      10
    17  1  0.00888889      11
    18  1  0.00888889      11
    19  1  0.00888889      12
    20  1  0.00888889      12
    21  1  0.00888889      12
    22  1  0.00888889      12
    23  1  0.00888889      12
    24  1  0.00888889      12
    25  1  0.00888889      12
    26  1  0.00888889      12
    27  1  0.00888889      12
    28  1  0.00888889      12
    29  1  0.00888889      12
    30  1  0.00888889      12
    31  1  0.00888889      11
    32  1  0.00888889      12
    33  1  0.00888889      11
    34  1  0.00888889      12
    35  1  0.00888889      12
    36  1  0.00888889      12
    37  1  0.00888889      12
    38  1  0.00888889      12
    39  1  0.00888889      12
    40  1  0.00888889      12
    41  1  0.00888889      12
    42  1  0.00888889      12
    43  1  0.00888889      12
    44  1  0.00888889      12
    45  1  0.00888889      12
    46  1  0.00888889      12
    47  1  0.00888889      12
    48  1  0.00888889      12
    49  1  0.00888889      12
    50  1  0.00888889      12
    51  1  0.00888889      12
    52  1  0.00888889      12
    53  1  0.00888889      12
    54  1  0.00888889      12
    55  1  0.00888889      12
    56  1  0.00888889      12
    57  1  0.00888889      12
    58  1  0.00888889      12
    59  1  0.00888889      12
    60  1  0.00888889      12
    61  1  0.00888889      12
    62  1  0.00888889      12
    63  1  0.00888889      12
    64  1  0.00888889      12
    65  1  0.00888889      12
    66  1  0.00888889      12
    67  1  0.00888889      12
    68  1  0.00888889      12
    69  1  0.00888889      12
    70  1  0.00888889      12
    71  1  0.00888889      12
    72  1  0.00888889      12
    73  1  0.00888889      12
    74  1  0.00888889      12
    75  1  0.00888889      12
    76  1  0.00888889      12
    77  1  0.00888889      12
    78  1  0.00888889      12
    79  1  0.00888889      12
    80  1  0.00888889      12
    81  1  0.00888889      12
    82  1  0.00888889      12
    83  1  0.00888889      12
    84  1  0.00888889      12
    85  1  0.00888889      12
    86  1  0.00888889      12
    87  1  0.00888889      12
    88  1  0.00888889      12
    89  1  0.00888889      12
    90  1  0.00888889      12
    91  1  0.00888889      12
    92  1  0.00888889      12
    93  1  0.00888889      12
    94  1  0.00888889      12
    95  1  0.00888889      12
    96  1  0.00888889      12
    97  1  0.00888889      12
    98  1  0.00888889      12
    99  1  0.00888889      12
   100  1  0.00888889      12
   101  1  0.00888889      12
   102  1  0.00888889      12
   103  1  0.00888889      12
   104  1  0.00888889      12
   105  1  0.00888889      12
   106  1  0.00888889      12
   107  1  0.00888889      12
   108  1  0.00888889      12
   109  1  0.00888889      12
   110  1  0.00888889      12
   111  1  0.00888889      12
   112  1  0.00888889      12
   113  1  0.00888889      12
