                -90.8160579057
         -0.000000424       0.000000000       0.000000000
          0.000000000      -0.000314595       0.000000000
          0.000000000       0.000000000      -0.000328269
           8
  1     6      -0.000000005       0.000393526      -0.000000086  C
  1     6      -0.000000008      -0.000393504       0.000000033  C
  1     6       0.000000006      -0.000644010      -0.000000242  C
  1     6       0.000000021       0.000644117       0.000000026  C
  1     6       0.000000010       0.000393590       0.000000151  C
  1     6      -0.000000007      -0.000393606       0.000000220  C
  1     6      -0.000000008      -0.000643962      -0.000000055  C
  1     6       0.000000008       0.000644142      -0.000000032  C
