   300
     1    0.000000   -0.328564    0.011159       0.003333
     2    0.000000   -0.289910    0.011159       0.003333
     3    0.000000   -0.251255    0.011159       0.003333
     4    0.000000   -0.212600    0.011159       0.003333
     5    0.000000   -0.173946    0.011159       0.003333
     6    0.000000   -0.135291    0.011159       0.003333
     7    0.000000   -0.096637    0.011159       0.003333
     8    0.000000   -0.057982    0.011159       0.003333
     9    0.000000   -0.019327    0.011159       0.003333
    10    0.000000    0.019327    0.011159       0.003333
    11    0.000000    0.057982    0.011159       0.003333
    12    0.000000    0.096637    0.011159       0.003333
    13    0.000000    0.135291    0.011159       0.003333
    14    0.000000    0.173946    0.011159       0.003333
    15    0.000000    0.212600    0.011159       0.003333
    16    0.000000    0.251255    0.011159       0.003333
    17    0.000000    0.289910    0.011159       0.003333
    18    0.000000    0.328564    0.011159       0.003333
    19    0.000000    0.367219    0.011159       0.003333
    20    0.000000   -0.367219    0.011159       0.003333
    21    0.000000   -0.328564    0.033476       0.003333
    22    0.000000   -0.289910    0.033476       0.003333
    23    0.000000   -0.251255    0.033476       0.003333
    24    0.000000   -0.212600    0.033476       0.003333
    25    0.000000   -0.173946    0.033476       0.003333
    26    0.000000   -0.135291    0.033476       0.003333
    27    0.000000   -0.096637    0.033476       0.003333
    28    0.000000   -0.057982    0.033476       0.003333
    29    0.000000   -0.019327    0.033476       0.003333
    30    0.000000    0.019327    0.033476       0.003333
    31    0.000000    0.057982    0.033476       0.003333
    32    0.000000    0.096637    0.033476       0.003333
    33    0.000000    0.135291    0.033476       0.003333
    34    0.000000    0.173946    0.033476       0.003333
    35    0.000000    0.212600    0.033476       0.003333
    36    0.000000    0.251255    0.033476       0.003333
    37    0.000000    0.289910    0.033476       0.003333
    38    0.000000    0.328564    0.033476       0.003333
    39    0.000000    0.367219    0.033476       0.003333
    40    0.000000   -0.367219    0.033476       0.003333
    41    0.000000   -0.328564    0.055793       0.003333
    42    0.000000   -0.289910    0.055793       0.003333
    43    0.000000   -0.251255    0.055793       0.003333
    44    0.000000   -0.212600    0.055793       0.003333
    45    0.000000   -0.173946    0.055793       0.003333
    46    0.000000   -0.135291    0.055793       0.003333
    47    0.000000   -0.096637    0.055793       0.003333
    48    0.000000   -0.057982    0.055793       0.003333
    49    0.000000   -0.019327    0.055793       0.003333
    50    0.000000    0.019327    0.055793       0.003333
    51    0.000000    0.057982    0.055793       0.003333
    52    0.000000    0.096637    0.055793       0.003333
    53    0.000000    0.135291    0.055793       0.003333
    54    0.000000    0.173946    0.055793       0.003333
    55    0.000000    0.212600    0.055793       0.003333
    56    0.000000    0.251255    0.055793       0.003333
    57    0.000000    0.289910    0.055793       0.003333
    58    0.000000    0.328564    0.055793       0.003333
    59    0.000000    0.367219    0.055793       0.003333
    60    0.000000   -0.367219    0.055793       0.003333
    61    0.000000   -0.328564    0.078110       0.003333
    62    0.000000   -0.289910    0.078110       0.003333
    63    0.000000   -0.251255    0.078110       0.003333
    64    0.000000   -0.212600    0.078110       0.003333
    65    0.000000   -0.173946    0.078110       0.003333
    66    0.000000   -0.135291    0.078110       0.003333
    67    0.000000   -0.096637    0.078110       0.003333
    68    0.000000   -0.057982    0.078110       0.003333
    69    0.000000   -0.019327    0.078110       0.003333
    70    0.000000    0.019327    0.078110       0.003333
    71    0.000000    0.057982    0.078110       0.003333
    72    0.000000    0.096637    0.078110       0.003333
    73    0.000000    0.135291    0.078110       0.003333
    74    0.000000    0.173946    0.078110       0.003333
    75    0.000000    0.212600    0.078110       0.003333
    76    0.000000    0.251255    0.078110       0.003333
    77    0.000000    0.289910    0.078110       0.003333
    78    0.000000    0.328564    0.078110       0.003333
    79    0.000000    0.367219    0.078110       0.003333
    80    0.000000   -0.367219    0.078110       0.003333
    81    0.000000   -0.328564    0.100428       0.003333
    82    0.000000   -0.289910    0.100428       0.003333
    83    0.000000   -0.251255    0.100428       0.003333
    84    0.000000   -0.212600    0.100428       0.003333
    85    0.000000   -0.173946    0.100428       0.003333
    86    0.000000   -0.135291    0.100428       0.003333
    87    0.000000   -0.096637    0.100428       0.003333
    88    0.000000   -0.057982    0.100428       0.003333
    89    0.000000   -0.019327    0.100428       0.003333
    90    0.000000    0.019327    0.100428       0.003333
    91    0.000000    0.057982    0.100428       0.003333
    92    0.000000    0.096637    0.100428       0.003333
    93    0.000000    0.135291    0.100428       0.003333
    94    0.000000    0.173946    0.100428       0.003333
    95    0.000000    0.212600    0.100428       0.003333
    96    0.000000    0.251255    0.100428       0.003333
    97    0.000000    0.289910    0.100428       0.003333
    98    0.000000    0.328564    0.100428       0.003333
    99    0.000000    0.367219    0.100428       0.003333
   100    0.000000   -0.367219    0.100428       0.003333
   101    0.000000   -0.328564    0.122745       0.003333
   102    0.000000   -0.289910    0.122745       0.003333
   103    0.000000   -0.251255    0.122745       0.003333
   104    0.000000   -0.212600    0.122745       0.003333
   105    0.000000   -0.173946    0.122745       0.003333
   106    0.000000   -0.135291    0.122745       0.003333
   107    0.000000   -0.096637    0.122745       0.003333
   108    0.000000   -0.057982    0.122745       0.003333
   109    0.000000   -0.019327    0.122745       0.003333
   110    0.000000    0.019327    0.122745       0.003333
   111    0.000000    0.057982    0.122745       0.003333
   112    0.000000    0.096637    0.122745       0.003333
   113    0.000000    0.135291    0.122745       0.003333
   114    0.000000    0.173946    0.122745       0.003333
   115    0.000000    0.212600    0.122745       0.003333
   116    0.000000    0.251255    0.122745       0.003333
   117    0.000000    0.289910    0.122745       0.003333
   118    0.000000    0.328564    0.122745       0.003333
   119    0.000000    0.367219    0.122745       0.003333
   120    0.000000   -0.367219    0.122745       0.003333
   121    0.000000   -0.328564    0.145062       0.003333
   122    0.000000   -0.289910    0.145062       0.003333
   123    0.000000   -0.251255    0.145062       0.003333
   124    0.000000   -0.212600    0.145062       0.003333
   125    0.000000   -0.173946    0.145062       0.003333
   126    0.000000   -0.135291    0.145062       0.003333
   127    0.000000   -0.096637    0.145062       0.003333
   128    0.000000   -0.057982    0.145062       0.003333
   129    0.000000   -0.019327    0.145062       0.003333
   130    0.000000    0.019327    0.145062       0.003333
   131    0.000000    0.057982    0.145062       0.003333
   132    0.000000    0.096637    0.145062       0.003333
   133    0.000000    0.135291    0.145062       0.003333
   134    0.000000    0.173946    0.145062       0.003333
   135    0.000000    0.212600    0.145062       0.003333
   136    0.000000    0.251255    0.145062       0.003333
   137    0.000000    0.289910    0.145062       0.003333
   138    0.000000    0.328564    0.145062       0.003333
   139    0.000000    0.367219    0.145062       0.003333
   140    0.000000   -0.367219    0.145062       0.003333
   141    0.000000   -0.328564    0.167379       0.003333
   142    0.000000   -0.289910    0.167379       0.003333
   143    0.000000   -0.251255    0.167379       0.003333
   144    0.000000   -0.212600    0.167379       0.003333
   145    0.000000   -0.173946    0.167379       0.003333
   146    0.000000   -0.135291    0.167379       0.003333
   147    0.000000   -0.096637    0.167379       0.003333
   148    0.000000   -0.057982    0.167379       0.003333
   149    0.000000   -0.019327    0.167379       0.003333
   150    0.000000    0.019327    0.167379       0.003333
   151    0.000000    0.057982    0.167379       0.003333
   152    0.000000    0.096637    0.167379       0.003333
   153    0.000000    0.135291    0.167379       0.003333
   154    0.000000    0.173946    0.167379       0.003333
   155    0.000000    0.212600    0.167379       0.003333
   156    0.000000    0.251255    0.167379       0.003333
   157    0.000000    0.289910    0.167379       0.003333
   158    0.000000    0.328564    0.167379       0.003333
   159    0.000000    0.367219    0.167379       0.003333
   160    0.000000   -0.367219    0.167379       0.003333
   161    0.000000   -0.328564    0.189697       0.003333
   162    0.000000   -0.289910    0.189697       0.003333
   163    0.000000   -0.251255    0.189697       0.003333
   164    0.000000   -0.212600    0.189697       0.003333
   165    0.000000   -0.173946    0.189697       0.003333
   166    0.000000   -0.135291    0.189697       0.003333
   167    0.000000   -0.096637    0.189697       0.003333
   168    0.000000   -0.057982    0.189697       0.003333
   169    0.000000   -0.019327    0.189697       0.003333
   170    0.000000    0.019327    0.189697       0.003333
   171    0.000000    0.057982    0.189697       0.003333
   172    0.000000    0.096637    0.189697       0.003333
   173    0.000000    0.135291    0.189697       0.003333
   174    0.000000    0.173946    0.189697       0.003333
   175    0.000000    0.212600    0.189697       0.003333
   176    0.000000    0.251255    0.189697       0.003333
   177    0.000000    0.289910    0.189697       0.003333
   178    0.000000    0.328564    0.189697       0.003333
   179    0.000000    0.367219    0.189697       0.003333
   180    0.000000   -0.367219    0.189697       0.003333
   181    0.000000   -0.328564    0.212014       0.003333
   182    0.000000   -0.289910    0.212014       0.003333
   183    0.000000   -0.251255    0.212014       0.003333
   184    0.000000   -0.212600    0.212014       0.003333
   185    0.000000   -0.173946    0.212014       0.003333
   186    0.000000   -0.135291    0.212014       0.003333
   187    0.000000   -0.096637    0.212014       0.003333
   188    0.000000   -0.057982    0.212014       0.003333
   189    0.000000   -0.019327    0.212014       0.003333
   190    0.000000    0.019327    0.212014       0.003333
   191    0.000000    0.057982    0.212014       0.003333
   192    0.000000    0.096637    0.212014       0.003333
   193    0.000000    0.135291    0.212014       0.003333
   194    0.000000    0.173946    0.212014       0.003333
   195    0.000000    0.212600    0.212014       0.003333
   196    0.000000    0.251255    0.212014       0.003333
   197    0.000000    0.289910    0.212014       0.003333
   198    0.000000    0.328564    0.212014       0.003333
   199    0.000000    0.367219    0.212014       0.003333
   200    0.000000   -0.367219    0.212014       0.003333
   201    0.000000   -0.328564    0.234331       0.003333
   202    0.000000   -0.289910    0.234331       0.003333
   203    0.000000   -0.251255    0.234331       0.003333
   204    0.000000   -0.212600    0.234331       0.003333
   205    0.000000   -0.173946    0.234331       0.003333
   206    0.000000   -0.135291    0.234331       0.003333
   207    0.000000   -0.096637    0.234331       0.003333
   208    0.000000   -0.057982    0.234331       0.003333
   209    0.000000   -0.019327    0.234331       0.003333
   210    0.000000    0.019327    0.234331       0.003333
   211    0.000000    0.057982    0.234331       0.003333
   212    0.000000    0.096637    0.234331       0.003333
   213    0.000000    0.135291    0.234331       0.003333
   214    0.000000    0.173946    0.234331       0.003333
   215    0.000000    0.212600    0.234331       0.003333
   216    0.000000    0.251255    0.234331       0.003333
   217    0.000000    0.289910    0.234331       0.003333
   218    0.000000    0.328564    0.234331       0.003333
   219    0.000000    0.367219    0.234331       0.003333
   220    0.000000   -0.367219    0.234331       0.003333
   221    0.000000   -0.328564    0.256649       0.003333
   222    0.000000   -0.289910    0.256649       0.003333
   223    0.000000   -0.251255    0.256649       0.003333
   224    0.000000   -0.212600    0.256649       0.003333
   225    0.000000   -0.173946    0.256649       0.003333
   226    0.000000   -0.135291    0.256649       0.003333
   227    0.000000   -0.096637    0.256649       0.003333
   228    0.000000   -0.057982    0.256649       0.003333
   229    0.000000   -0.019327    0.256649       0.003333
   230    0.000000    0.019327    0.256649       0.003333
   231    0.000000    0.057982    0.256649       0.003333
   232    0.000000    0.096637    0.256649       0.003333
   233    0.000000    0.135291    0.256649       0.003333
   234    0.000000    0.173946    0.256649       0.003333
   235    0.000000    0.212600    0.256649       0.003333
   236    0.000000    0.251255    0.256649       0.003333
   237    0.000000    0.289910    0.256649       0.003333
   238    0.000000    0.328564    0.256649       0.003333
   239    0.000000    0.367219    0.256649       0.003333
   240    0.000000   -0.367219    0.256649       0.003333
   241    0.000000   -0.328564    0.278966       0.003333
   242    0.000000   -0.289910    0.278966       0.003333
   243    0.000000   -0.251255    0.278966       0.003333
   244    0.000000   -0.212600    0.278966       0.003333
   245    0.000000   -0.173946    0.278966       0.003333
   246    0.000000   -0.135291    0.278966       0.003333
   247    0.000000   -0.096637    0.278966       0.003333
   248    0.000000   -0.057982    0.278966       0.003333
   249    0.000000   -0.019327    0.278966       0.003333
   250    0.000000    0.019327    0.278966       0.003333
   251    0.000000    0.057982    0.278966       0.003333
   252    0.000000    0.096637    0.278966       0.003333
   253    0.000000    0.135291    0.278966       0.003333
   254    0.000000    0.173946    0.278966       0.003333
   255    0.000000    0.212600    0.278966       0.003333
   256    0.000000    0.251255    0.278966       0.003333
   257    0.000000    0.289910    0.278966       0.003333
   258    0.000000    0.328564    0.278966       0.003333
   259    0.000000    0.367219    0.278966       0.003333
   260    0.000000   -0.367219    0.278966       0.003333
   261    0.000000   -0.328564    0.301283       0.003333
   262    0.000000   -0.289910    0.301283       0.003333
   263    0.000000   -0.251255    0.301283       0.003333
   264    0.000000   -0.212600    0.301283       0.003333
   265    0.000000   -0.173946    0.301283       0.003333
   266    0.000000   -0.135291    0.301283       0.003333
   267    0.000000   -0.096637    0.301283       0.003333
   268    0.000000   -0.057982    0.301283       0.003333
   269    0.000000   -0.019327    0.301283       0.003333
   270    0.000000    0.019327    0.301283       0.003333
   271    0.000000    0.057982    0.301283       0.003333
   272    0.000000    0.096637    0.301283       0.003333
   273    0.000000    0.135291    0.301283       0.003333
   274    0.000000    0.173946    0.301283       0.003333
   275    0.000000    0.212600    0.301283       0.003333
   276    0.000000    0.251255    0.301283       0.003333
   277    0.000000    0.289910    0.301283       0.003333
   278    0.000000    0.328564    0.301283       0.003333
   279    0.000000    0.367219    0.301283       0.003333
   280    0.000000   -0.367219    0.301283       0.003333
   281    0.000000   -0.328564    0.323600       0.003333
   282    0.000000   -0.289910    0.323600       0.003333
   283    0.000000   -0.251255    0.323600       0.003333
   284    0.000000   -0.212600    0.323600       0.003333
   285    0.000000   -0.173946    0.323600       0.003333
   286    0.000000   -0.135291    0.323600       0.003333
   287    0.000000   -0.096637    0.323600       0.003333
   288    0.000000   -0.057982    0.323600       0.003333
   289    0.000000   -0.019327    0.323600       0.003333
   290    0.000000    0.019327    0.323600       0.003333
   291    0.000000    0.057982    0.323600       0.003333
   292    0.000000    0.096637    0.323600       0.003333
   293    0.000000    0.135291    0.323600       0.003333
   294    0.000000    0.173946    0.323600       0.003333
   295    0.000000    0.212600    0.323600       0.003333
   296    0.000000    0.251255    0.323600       0.003333
   297    0.000000    0.289910    0.323600       0.003333
   298    0.000000    0.328564    0.323600       0.003333
   299    0.000000    0.367219    0.323600       0.003333
   300    0.000000   -0.367219    0.323600       0.003333
